3.725706
8.314237
8.963072
1.272119
2.785885
9.855655
1.820750
1.253259
1.337096
3.482245
0.936453
3.612541
2.456005
16.134830
9.525026
2.806174
8.168288
3.968113
15.300744
12.600339
1.472916
9.463875
5.762685
3.038315
2.068392
10.861930
5.114636
5.495504
2.550670
4.985586
9.187998
1.153093
8.709356
5.965829
4.258513
2.062856
4.433203
1.788348
2.416259
18.018097
12.592757
1.150019
4.918206
8.137116
0.261256
6.368056
0.602592
1.181618
5.442651
15.923956
0.845269
1.807589
3.234912
10.824557
1.731065
0.547805
1.341883
8.041699
3.572471
7.999197
8.434804
5.573053
3.332620
0.047225
8.744321
1.076045
8.205953
0.777778
5.007141
3.334998
0.575808
1.591506
15.486441
4.774994
2.400449
0.978591
2.128763
0.615693
0.839490
11.815514
5.856328
9.176508
0.292871
0.841656
0.282526
2.230711
3.291185
1.575586
0.054008
2.330887
5.247105
3.394821
4.497316
2.875125
20.952549
9.119451
1.866646
8.187085
9.351691
1.732792
1.135443
5.728017
4.116069
1.924615
0.179600
2.231664
3.795637
3.402049
11.097849
7.504541
1.563054
1.542236
0.117347
2.906685
2.774177
1.885301
9.451734
3.829659
7.697141
5.969857
5.584231
7.677260
2.147486
0.580605
4.843674
3.647868
7.556840
1.194779
3.546348
7.024506
0.671932
0.988251
24.582234
0.094278
4.611147
0.895397
6.581992
10.755882
5.201982
1.121673
7.745754
3.901070
3.162002
7.029484
1.275269
4.916574
7.009603
8.790144
9.149800
6.173379
4.480837
11.069838
3.760549
0.824350
9.917384
0.004275
2.137179
4.139763
0.896857
8.897521
2.004183
2.620286
0.049691
0.125478
0.454016
1.992349
7.176033
0.566228
4.301617
8.822116
1.689814
6.341946
3.641541
3.785215
0.505078
0.554620
6.588828
0.166330
1.903133
9.249727
0.004886
2.533417
7.717101
0.229200
1.344279
14.864602
0.994950
2.897959
0.143663
3.751492
8.152677
1.778755
9.059300
3.633960
1.325146
7.059454
8.612734
1.822508
1.936290
5.716514
1.524816
19.494017
6.965158
13.531712
8.582070
9.768771
1.865760
7.049444
4.872707
2.657538
8.014335
0.327293
7.765910
11.014282
0.161284
12.570081
0.290283
15.637344
0.882271
9.085527
9.988877
7.945077
12.661408
5.287365
5.048857
6.527644
5.874083
1.695809
0.344267
0.418713
5.939730
13.111149
2.856717
0.755009
0.217710
2.087817
13.264745
1.999628
0.868454
11.194279
4.861396
0.333162
1.343480
11.470982
15.750025
4.096641
4.888909
11.993751
0.160654
10.176887
8.952087
0.392894
7.079534
1.235253
0.481498
2.277659
12.443492
1.189356
0.872813
1.063193
16.291093
2.139052
5.429977
4.718211
4.488321
0.749333
5.179572
4.048398
10.803326
0.492937
1.182392
6.240976
1.003896
0.184032
6.152441
0.499004
5.361729
6.411877
0.567596
5.640495
1.610002
0.245843
3.750200
7.022019
0.395536
15.623436
0.594336
4.762320
20.602211
2.483013
1.797084
10.606000
1.151556
6.462752
1.439428
8.359516
3.765732
2.159693
7.044447
3.703891
16.862183
0.191003
1.468002
4.006054
2.111040
0.942345
12.150761
0.958586
0.025704
0.454684
2.376827
21.075004
21.978354
19.934554
2.964883
0.305833
0.804952
3.678348
17.863560
4.238524
5.141875
3.098075
17.929206
6.376790
1.871969
0.547124
1.027081
4.295848
4.970717
2.501100
1.092727
11.483104
0.290929
0.029387
2.431127
6.331107
1.565558
2.676269
5.905804
0.431340
5.097687
0.931302
0.911486
8.716329
7.951062
0.100503
0.522667
2.528353
3.859951
13.178832
8.941126
13.052669
0.457359
4.303060
10.535220
3.567484
4.572915
12.738809
0.809974
10.148928
3.828347
6.655388
3.209330
7.853223
2.391577
6.557009
2.055484
1.056402
3.611284
2.065623
6.678547
17.629972
0.126730
1.030080
7.463635
3.702611
12.385012
8.415054
2.340626
0.793493
6.469426
2.547621
3.288827
0.937189
4.152352
4.726059
9.191833
1.476196
0.246485
4.305948
19.033923
15.693367
2.235481
6.559275
2.445043
2.670017
2.512185
6.791228
2.197444
6.795978
3.034954
1.051880
1.218089
33.064480
3.020414
3.923764
1.879964
4.001975
1.086655
3.484695
1.574750
16.228001
0.808539
7.332296
0.462713
18.366266
5.464453
4.047027
9.010955
10.223835
2.002361
1.844528
4.142558
1.529787
1.627722
0.479482
1.221985
1.419117
4.218615
14.665745
2.045366
5.162401
0.299348
5.275077
1.697523
0.907093
3.742452
3.047290
6.664639
5.580502
5.780110
11.643413
2.141861
8.343298
1.647202
1.334704
2.173816
3.474901
10.304674
0.960066
0.551893
3.812619
0.751461
7.903386
1.273693
3.738582
1.835708
0.343613
0.155614
3.191963
0.239436
0.156243
3.685997
1.573913
12.116206
13.019556
10.975756
5.758821
2.200287
11.137330
0.667047
8.904762
2.807244
9.637017
7.372137
8.970409
1.957916
10.348006
4.863010
0.606036
3.070925
7.565148
2.244080
0.979333
2.524306
2.071163
0.178968
1.857787
1.845411
4.746522
3.336187
0.862648
3.425004
9.022070
0.099257
45.053956
15.009890
7.496333
0.635755
4.525909
2.401435
1.290259
4.220035
28.217477
4.093872
3.716712
3.104885
1.576423
0.311676
4.530439
3.780012
11.380998
1.190130
1.177754
2.679397
9.230354
6.982396
1.649749
2.417249
0.113599
0.769940
0.450007
0.154984
2.742384
8.671174
0.813564
0.622602
5.269821
0.747206
3.426215
10.819241
1.391627
10.621298
2.190817
2.515213
11.126018
0.129235
2.430134
5.519379
0.233036
3.816546
1.702669
3.118534
10.075126
6.734570
0.890288
2.423192
1.932695
3.293543
2.307591
3.056281
0.718228
3.069797
6.547955
0.744371
1.763966
24.105683
6.374605
1.523160
10.616193
1.819872
0.943820
0.057094
4.851722
7.269203
11.310159
4.779755
3.778712
9.407469
22.337482
1.996897
0.052157
1.265038
19.554624
9.520926
2.388624
4.355295
5.501003
3.977572
1.790094
3.294723
2.718145
5.706948
0.072554
9.948537
2.143736
12.088734
6.496211
26.999367
0.880815
6.699482
2.704497
0.176438
0.591587
2.684616
0.474781
10.162888
5.760753
2.601764
0.613622
0.027545
1.345877
0.247126
4.931282
1.122437
9.078020
7.240550
2.148424
0.867728
9.280880
2.541529
1.015849
8.893905
1.646354
1.020339
0.692221
4.842066
3.157409
4.060759
2.016959
0.546443
0.730930
2.178533
6.918669
22.610774
4.310282
0.678220
4.924740
0.011612
14.419610
1.389209
6.572893
5.774295
7.002168
5.674561
0.929832
0.348192
2.377809
0.177703
1.184712
9.904092
9.545576
5.665075
12.707705
15.059274
18.537432
0.063273
0.627444
36.095159
6.051093
5.397533
6.300883
4.257083
1.700953
2.268042
2.724457
19.258680
2.186089
0.794208
7.469070
4.871089
2.251735
4.282893
1.009122
2.422201
1.579771
1.500035
3.357646
0.271557
3.620090
5.795650
1.783985
0.723869
9.700336
3.632697
1.011363
3.807388
14.133212
11.562616
6.061341
11.966941
8.944777
18.688959
1.860443
3.059656
1.662501
0.688717
2.325053
2.167221
0.830833
1.852479
0.052774
1.595703
1.136209
6.577441
7.668764
1.116328
2.896869
19.230026
1.815481
12.857204
11.263484
1.229785
6.812641
8.118505
6.987331
2.393547
8.857881
7.654636
15.146885
1.952501
4.285769
1.657396
8.875861
0.163176
0.352775
6.478338
4.556185
2.351361
5.909784
1.004642
0.448671
13.378685
18.562370
0.321431
2.086890
10.595827
0.562128
1.634490
3.356452
0.015896
1.725890
8.190225
11.298449
3.630173
0.437333
0.452011
0.989739
0.482842
3.129936
2.259402
18.040569
17.387009
2.799758
3.532719
1.166179
5.535975
3.393618
3.921089
1.204090
0.550530
2.846999
5.903816
0.167593
2.688795
1.707820
7.181164
1.156169
0.119222
4.456963
0.503052
15.609567
0.322082
2.479003
0.544400
21.689812
5.749175
0.568964
7.474511
6.398691
8.282145
2.051802
23.956418
4.853333
8.464575
0.634369
3.427426
13.651977
3.139077
7.158117
7.119939
0.070077
5.460813
3.039436
2.458998
0.579234
3.680897
0.369836
0.091791
2.584334
1.578933
1.175437
1.544730
0.945294
0.586779
0.350156
3.748907
6.100476
9.578634
0.392234
6.148264
27.136362
1.186259
16.275245
1.771790
2.891424
6.550217
1.041344
3.675801
10.299883
0.667744
10.652036
5.290881
6.641544
0.965246
3.010373
0.507780
1.810218
4.910051
4.049770
13.623966
1.907601
0.478138
0.624676
8.060025
8.269365
0.741538
0.518602
0.519957
1.104133
5.174415
2.603819
1.209530
3.008144
29.376485
9.730161
9.984379
6.855745
5.973887
7.393516
1.314813
0.584720
12.540006
9.747285
0.325338
5.099379
1.239944
2.470991
6.114972
1.119382
5.087545
10.271229
8.768943
3.898407
2.304686
1.842763
3.117395
8.491189
3.635223
1.659948
19.463987
6.053141
6.188088
14.041279
3.023766
5.901828
20.454052
1.069993
2.627508
2.213574
4.431722
1.445130
0.871360
0.483515
3.617573
4.419888
9.603572
2.338677
0.242639
1.637030
5.080795
5.589829
13.568410
0.096145
6.960244
8.974081
2.339652
0.510483
3.490826
3.655471
0.403470
4.018311
7.841493
1.000912
9.081772
8.428212
4.249937
0.203703
1.426420
0.086198
15.665277
1.513236
1.671020
4.911681
4.641945
0.858298
1.101850
3.422582
6.660011
4.255653
1.363485
0.762113
3.877153
4.269971
6.650769
2.344527
2.119427
4.824413
12.731015
0.526057
5.183013
5.312030
2.012392
9.658034
0.098635
14.997620
6.491737
11.321896
6.275120
18.845221
4.693180
7.984105
4.179034
4.053888
0.436000
21.736761
6.602526
2.008742
5.340369
0.675424
2.791216
0.577863
2.738160
4.900282
1.485225
4.515356
0.170750
5.458994
2.602791
0.902703
1.298958
0.619837
3.013718
1.409398
18.177564
1.554716
7.316448
7.809376
5.037141
2.399462
0.685216
0.658683
1.341085
6.933303
1.693239
12.472991
2.641983
0.274136
6.258019
4.330560
8.643588
6.984863
2.007830
4.665169
11.668539
3.961368
6.098409
8.124701
9.557948
8.772470
4.471871
4.489819
1.046609
10.139643
2.859961
1.706961
6.232476
20.417688
0.771364
1.025582
3.241911
1.012858
5.003819
2.450023
5.426361
3.581209
0.788487
2.373882
9.044375
1.912073
2.074859
1.332313
1.137742
8.890291
1.312432
16.259447
1.429669
1.215753
9.471986
7.651815
11.612183
0.526735
5.937728
10.505190
1.190905
1.502507
5.082481
6.414079
0.853951
11.495254
0.847438
3.011487
0.790632
3.743742
3.526536
16.043364
4.026498
0.470085
3.682171
0.644775
1.381961
1.671873
5.623549
8.804329
0.195444
4.609612
0.606726
3.552555
0.015284
1.386792
4.365515
0.075652
0.592274
3.128795
1.883522
6.923543
0.463383
0.122975
10.948419
2.858879
1.369101
3.358841
0.540998
6.706480
4.183260
6.096342
6.999692
4.955892
14.631459
1.033081
18.247496
2.691931
2.884898
2.828694
9.427541
1.352273
2.950545
2.666895
1.411016
0.379046
6.255886
3.772217
4.571392
10.280762
13.036085
22.129119
0.699237
0.623293
6.038823
2.247906
2.363098
1.709538
9.886424
5.292640
7.680095
2.544574
2.024274
3.476124
12.777964
2.537471
21.033851
13.901549
7.097171
4.181851
5.319100
3.776113
6.896798
3.903735
4.197372
1.124730
21.461462
2.853476
23.601659
2.331860
6.012341
6.296580
3.210490
9.218767
4.624983
4.722919
6.765180
8.278947
1.690670
7.313811
6.746321
2.651310
3.471233
6.429514
3.514194
3.106021
1.929102
1.668463
3.236078
13.661349
3.627651
20.793805
5.106154
2.709742
1.664203
1.294211
8.531377
0.599150
16.354992
3.957326
4.055262
0.714706
1.180845
4.754415
6.646155
1.607476
11.458891
9.751575
0.597774
9.926265
0.528091
7.909320
1.959722
18.085819
0.354741
10.411267
1.558883
0.085577
11.861117
0.192906
2.583310
1.249339
21.417017
2.432119
7.300650
3.387605
1.748355
0.513188
6.040866
2.653385
4.580538
0.932773
1.546393
1.584797
4.074529
8.825681
2.050882
14.237382
2.536457
13.699014
6.270840
10.500202
0.885185
0.184665
7.084567
1.915653
3.865237
0.679618
6.471652
2.979262
6.108754
0.264473
17.308576
1.306879
4.752835
5.785932
0.265116
0.092413
3.019297
3.406872
0.472097
5.547070
7.823949
10.740167
3.441986
3.786516
0.787773
1.989622
4.744945
2.874041
13.680146
4.776581
2.819030
2.562885
1.289469
3.673255
7.417677
5.672662
0.639222
9.288698
3.444417
4.977320
4.486823
0.468744
2.739215
5.610409
3.272357
3.224431
2.881639
1.663352
0.982304
4.521384
1.321965
4.077288
13.170322
7.640547
6.073666
1.158477
0.947507
1.504156
6.687841
0.927627
12.517568
6.164993
2.497075
30.075295
0.031229
3.819166
2.455007
12.075054
4.942752
3.980277
2.556774
13.238816
0.995695
3.362428
1.449206
2.624412
1.170034
12.502665
4.697864
14.642862
1.348274
1.098807
1.761361
9.253610
0.259970
4.848501
5.497336
2.982586
9.632824
6.389919
4.713508
2.929663
3.167750
0.016509
2.089671
0.146805
7.485410
12.669095
6.059290
9.794678
4.702552
0.502377
11.835008
9.134603
3.569977
5.998139
2.296950
12.081889
5.659392
7.396194
1.648900
2.029768
8.026478
1.519850
5.722262
2.654423
5.243620
2.500093
0.792777
5.636725
0.967467
4.598881
7.271817
14.552362
9.127021
2.646126
1.452470
4.671380
0.536919
2.902320
1.287889
2.731831
1.976915
12.458220
1.863101
4.666721
15.261833
7.358821
4.400717
1.163097
3.181572
4.575963
0.106735
4.533461
4.969068
2.107317
18.063143
0.094901
5.278585
2.449026
4.740217
1.699237
1.541405
18.154470
1.226664
3.939846
12.020705
1.309258
7.188870
2.196497
5.911775
1.317990
1.848944
8.349779
2.390593
5.710772
0.603970
1.854248
0.581976
6.361516
16.687340
3.889097
0.108606
6.836542
1.781369
21.243087
1.031580
10.381970
17.486813
5.653715
4.879181
4.721349
5.885955
4.406608
2.606902
2.262281
0.650333
5.094304
0.365893
6.365875
0.329901
21.784155
7.632113
4.038805
3.849394
3.783913
0.237515
10.672633
9.541460
4.947675
5.985999
0.363923
4.231405
2.504121
2.118495
4.211524
5.992065
1.237598
1.377938
0.182132
4.091104
2.767802
0.080612
3.558770
1.448391
2.221183
21.116498
0.190369
1.145411
1.986896
3.116256
7.290146
1.736246
2.570024
4.280018
0.435334
13.852577
3.563748
2.991461
1.450838
3.543867
5.324408
5.684064
2.707643
1.015101
7.604102
0.294813
1.811972
6.451648
0.008553
5.947746
0.674027
1.990530
5.431785
5.401127
8.457944
0.099880
0.254186
0.953413
5.354598
3.710297
1.204867
0.835881
5.356380
4.261375
2.876210
0.175805
0.319479
1.066969
1.178527
3.123092
0.338385
5.013792
5.783991
0.009776
7.924188
4.251365
0.469414
3.188497
11.398866
2.238346
10.590748
0.291577
0.285756
4.686942
4.565303
5.593564
0.168224
3.133362
3.593718
5.146998
4.719780
5.138462
2.250778
3.729565
16.028282
3.499423
10.065976
5.116334
6.303036
4.875943
3.583708
1.406971
8.702392
4.548599
0.677521
4.300174
7.548546
0.327945
9.104345
0.598462
12.171609
1.954305
5.619791
6.523141
4.479341
9.195672
1.821629
1.583121
3.061908
2.408348
4.281455
0.714002
0.875722
2.473994
9.645413
10.219121
1.644657
0.445334
5.739546
9.799009
5.383180
1.920132
7.728543
1.395660
0.690119
3.186188
8.005247
12.284289
0.630905
1.423173
8.528015
0.326642
6.711151
5.486351
0.819314
3.613799
2.879467
1.014353
6.579716
8.977756
2.752959
1.930898
2.415269
12.825357
5.955775
1.964241
1.252475
1.022585
1.631105
1.713836
0.582662
7.337590
1.039841
2.733940
2.775240
2.261321
0.375097
2.686705
1.053387
1.895993
2.946142
1.207975
2.174759
3.999258
0.504403
0.284464
3.556283
0.825070
12.157700
1.268970
1.296584
17.136475
7.634923
4.629603
7.140264
2.650273
2.997016
3.468789
4.893780
0.299996
6.044954
3.578711
0.238155
13.396447
0.389593
3.555040
0.540318
5.836674
2.104527
8.685025
2.145610
0.051541
0.954891
7.066975
17.609268
18.512618
16.468818
11.251883
0.631598
1.764835
0.212612
14.397824
0.772789
1.676139
12.865198
14.463470
2.911054
4.898655
1.161557
2.321167
0.830112
1.504981
7.737141
2.493053
8.017368
0.599838
0.058947
7.350849
2.865371
3.857309
8.829249
2.440068
0.903435
1.631951
2.076708
2.027020
5.250593
4.485326
0.203067
1.106417
7.894497
0.394215
9.713096
5.475390
9.586933
0.960805
0.837324
7.069484
0.101749
1.107179
9.273073
1.777013
6.683192
0.362611
3.189652
14.723416
4.387487
7.142810
3.091273
5.606661
2.397490
0.145548
5.648045
3.212811
14.164236
0.256756
2.328942
3.997900
0.236875
8.919276
4.949318
6.884689
1.737110
3.003690
8.008274
16.619080
2.091525
0.686616
1.260323
5.726098
3.579960
0.505753
0.840212
15.568187
12.227631
6.383350
3.093539
7.425756
8.786604
7.800652
3.325492
6.211290
3.330243
12.041017
2.385672
2.831919
29.598744
11.867666
0.458028
4.928010
0.536239
2.476999
0.018959
3.886441
12.762265
1.773530
3.866560
0.972655
14.900530
1.998718
0.581291
5.545219
6.758100
5.393941
4.798845
0.676822
3.745033
4.056635
1.009869
2.842686
3.408079
0.752880
11.200009
5.565616
1.696666
0.617765
1.809342
4.287208
2.016045
0.276716
12.192544
3.198903
2.114766
2.314375
8.177677
5.967842
4.877562
4.120242
3.160854
6.106684
0.009165
6.838938
2.149362
1.172349
0.346883
1.636183
4.437650
2.987021
0.272846
4.767069
0.712594
0.316226
14.386966
0.490917
0.317527
0.220261
3.883785
8.650470
9.553821
7.510020
2.293086
6.223991
7.671594
1.436986
5.439027
9.803344
6.171281
3.906401
5.504673
5.221023
6.882270
1.397275
1.295793
12.495230
4.099412
6.422893
2.198391
7.870870
5.670764
0.364580
4.846892
4.802034
1.280786
18.200766
1.905813
24.030493
5.556334
0.200525
41.588220
11.544155
4.030597
1.364287
1.060173
7.194014
3.033834
0.754299
24.751741
0.628136
0.250976
12.962132
3.891756
0.644080
1.064703
0.314276
7.915262
2.755077
2.721300
8.850708
5.764619
3.516660
4.128599
7.277047
0.229839
1.680408
0.944557
0.314926
9.300449
5.205438
1.785730
1.333906
1.804085
1.626032
24.182020
7.353505
3.326679
7.155562
6.181779
7.818115
7.660282
0.261899
7.345541
2.053643
0.477467
0.350810
4.304504
13.161825
6.609390
3.268834
1.974197
7.308543
5.124833
16.756545
6.722847
12.305703
1.557216
12.480393
3.082220
1.619277
4.513850
20.639947
2.908869
3.724420
7.150458
4.710375
2.108248
0.114848
1.385986
3.803468
7.844423
1.314019
0.312976
5.941733
18.871747
5.372443
0.104864
2.962674
16.088888
6.055190
7.127551
0.889559
2.035267
0.511836
4.605010
16.791510
9.123235
2.241212
0.146177
6.482801
5.975904
8.622998
3.030476
23.533631
1.950697
3.233746
9.025780
0.359330
1.262680
8.886679
0.999421
6.697152
2.295017
8.340060
1.313225
0.055242
3.193119
0.507104
1.465546
2.572066
5.612284
3.774814
5.996114
1.918340
5.815144
7.972064
2.292120
5.428169
4.117460
2.303719
1.495916
1.376330
13.775206
0.595023
5.451724
1.160017
1.587311
6.127430
3.452933
19.145039
0.844546
1.463092
1.459004
0.023250
10.953875
3.319560
3.107157
2.308559
3.536432
2.208825
2.073010
0.722459
7.071995
0.361954
2.740271
6.438356
6.079841
2.199339
9.241969
11.593538
15.071696
0.127356
1.345078
32.629423
2.585357
1.931797
2.835147
0.791347
4.298732
6.534405
9.168863
15.792944
6.160806
1.738838
4.003334
1.405353
6.458307
0.817157
2.274772
7.303280
3.902402
3.652935
19.117027
0.558714
0.154354
2.329915
4.583591
1.570569
6.234600
0.166961
2.280548
0.341652
10.667476
8.096880
2.595605
8.501206
5.479041
15.223223
4.856557
12.348806
4.170592
1.487690
6.807875
6.077782
1.827784
4.827618
0.106111
3.953287
2.608959
3.111705
4.203028
2.555756
10.580606
15.764291
4.694741
9.391469
7.797748
2.864289
3.346905
4.652769
3.521596
7.153009
5.392146
4.188900
11.681149
5.200254
0.820033
4.153753
5.410125
0.331857
0.732343
3.012602
1.090449
6.938191
2.444048
2.263240
0.941608
9.912949
15.096634
0.664954
5.735700
7.130091
1.195555
4.078668
19.061471
0.031843
4.383085
4.724489
7.832713
0.164437
0.916616
0.948983
2.224992
1.017345
13.334554
6.493974
14.574834
13.921273
9.742998
0.066983
2.689840
2.070239
21.158339
0.455353
2.793350
1.169263
10.135007
2.438080
0.340998
8.915644
4.321860
3.715428
2.662734
0.241357
0.991227
1.062438
12.143831
0.666349
7.612489
1.155400
18.224076
2.283439
1.211085
4.008775
2.932955
4.816409
5.591696
20.490682
1.387597
4.998839
1.361080
24.338283
10.186241
13.477166
3.692381
3.654203
0.141151
1.995077
12.095588
7.501804
1.234471
0.215161
0.769228
0.185298
8.231221
3.899739
2.714992
3.791726
2.111972
1.251691
0.726692
0.283172
2.634740
6.112899
0.817876
2.682528
23.670626
2.744497
12.809509
4.541024
10.530202
3.084481
2.358205
0.210065
6.834147
1.438614
7.186300
1.825145
3.175808
2.162515
11.751081
1.073018
4.676043
1.444315
0.584034
10.158230
5.030459
1.006882
1.338691
4.594289
4.803629
1.612530
1.097286
1.100328
2.523295
1.708679
8.353022
2.808314
11.725538
25.910749
6.264425
6.518643
3.390009
2.508151
3.927780
3.103749
1.246989
9.074270
6.281549
0.673328
1.633643
2.892513
7.567920
2.649236
2.563904
1.621809
6.805493
5.303207
0.432671
6.708815
4.792474
13.144876
5.025453
0.169487
4.162166
15.998251
2.587405
2.722352
10.575543
11.907140
2.436092
16.988316
2.433112
8.504549
6.283693
0.965986
3.485921
1.927307
1.018842
0.151837
0.954152
6.137836
6.875022
0.497655
4.086955
1.615059
2.124093
10.102674
0.194175
3.494509
5.508345
6.879853
1.079074
0.025090
0.189735
0.842379
0.552575
4.375757
2.253651
5.616036
4.962476
0.784201
0.416059
3.429850
0.173909
12.199542
3.693658
4.198785
1.445945
1.176209
1.895101
2.517232
23.740557
3.194275
0.789917
3.244247
1.661650
0.411417
0.804235
3.185033
6.904078
5.872108
1.358677
9.265279
1.114039
1.717277
1.846294
5.433595
6.192298
0.199254
11.531885
3.026001
7.856160
2.809385
15.379485
1.227444
4.518369
0.713298
0.588152
0.913684
18.271025
3.136790
5.419139
1.874633
1.456553
9.674912
1.231347
9.269175
1.434546
3.607515
1.049620
0.347538
1.993258
8.346537
2.005094
3.058531
1.327534
11.789641
3.379198
14.711828
3.823099
3.850712
4.343640
1.571405
7.183731
1.479477
1.417496
3.179266
3.467568
4.272840
9.007255
8.599082
0.564178
2.792283
0.864825
5.177852
3.519127
5.415531
1.199433
8.202803
0.495633
2.632673
4.658965
6.092212
5.306734
1.006135
1.024083
2.371919
6.673907
10.247476
4.318963
2.766740
16.951952
1.683826
2.317285
15.419326
2.284402
1.538083
7.452784
1.960626
0.115473
1.725028
7.051945
5.578639
5.047181
5.685967
3.153967
2.613075
5.424555
3.096940
12.793712
3.439556
2.825470
6.006250
4.186079
8.146447
1.115565
2.471992
7.039454
2.757195
3.660546
1.616746
2.948343
1.884411
8.029518
1.868420
11.763901
1.730203
0.278006
0.060800
12.577629
0.560762
0.988995
0.216435
1.385181
3.298263
4.201613
2.157813
5.338593
0.398840
1.143876
1.297375
0.086819
0.030615
3.312451
0.899780
0.152466
1.264252
13.317010
4.941112
3.457807
0.974139
0.249050
7.482683
10.238006
3.260625
19.173208
1.147715
3.240744
0.717524
2.630606
3.533956
1.490156
11.165723
2.336729
14.781760
8.937478
10.470381
9.979885
5.961805
3.211651
11.103470
8.765418
3.384000
0.789202
2.790150
0.306482
1.105656
6.815026
9.570349
18.663383
1.512410
1.335501
2.573087
6.440569
6.997218
4.327659
6.420688
1.826904
4.214360
7.990136
5.480868
0.010388
9.312228
7.948069
17.568115
10.435813
3.631435
0.716115
1.853364
0.310377
3.431062
0.437999
0.731636
2.578196
17.995726
10.190925
20.135923
6.841336
2.546605
2.830844
14.746672
5.753031
1.159247
1.257183
3.299444
4.813211
4.264239
3.848076
3.280585
8.660812
0.005497
2.963778
0.048458
12.978472
5.111241
4.190311
15.287740
10.195613
0.161915
17.328069
1.640418
9.063038
4.176218
3.045045
5.065641
1.279998
12.889256
0.491590
0.589526
1.548888
2.729723
1.288679
3.180419
3.991114
7.993155
6.285839
1.276844
6.460529
1.118618
4.443584
5.227965
14.620083
0.736585
6.945531
3.836229
0.172645
8.395381
0.393554
8.224892
2.918708
17.951281
7.356162
3.834914
20.754894
4.459941
1.085138
2.575130
8.674633
1.114802
2.080408
3.796941
3.918415
0.608793
5.359945
5.587962
10.771646
7.942088
10.233278
2.805104
7.034467
1.961529
0.376413
3.618831
5.060600
0.399501
1.466364
3.005916
11.404836
2.643018
0.543720
13.842840
3.081089
1.287099
2.320196
0.545081
0.186566
11.854577
22.180401
0.993461
2.081334
4.358213
7.274431
26.736148
0.320780
1.723305
5.343922
1.279209
10.372243
10.214410
1.310845
9.899669
8.099964
3.031595
0.207519
3.951941
2.206926
1.372313
5.822962
27.277216
1.511584
1.021087
0.986020
9.276975
2.144673
16.165695
15.034521
10.440737
4.173405
2.205977
1.055648
3.124232
0.611552
9.704586
4.174811
2.607931
2.668976
2.117562
3.665626
3.222105
2.067469
9.051832
2.699257
7.714245
26.609559
0.062654
0.353430
7.479958
8.609318
1.477016
0.514541
8.063086
9.773080
2.240256
19.345639
3.498194
8.484522
2.700305
9.036929
1.232128
11.177126
3.200060
2.509159
4.504825
5.787874
0.534201
1.382765
2.031600
11.440807
6.167088
2.924183
1.247772
10.894189
13.951005
0.033072
5.747247
0.298052
4.019674
9.203359
2.593554
6.328942
1.236816
1.060928
8.369272
5.668867
0.104241
2.532404
6.671588
8.616153
2.193656
3.930459
4.125812
5.502838
4.560742
3.714145
2.256526
8.681559
1.777884
7.731407
1.735382
2.170989
2.168162
1.133145
3.806081
11.086626
5.661285
8.626424
3.508034
1.205644
1.138508
10.631523
3.027119
9.222626
5.294399
8.992484
4.866240
1.200985
11.796097
3.893085
0.934981
2.681484
14.195453
1.110227
0.215798
1.067725
1.503332
5.821006
14.597407
0.191637
1.812849
7.447366
1.274481
4.292966
3.781312
14.688734
2.855636
0.474110
8.554970
3.087876
3.723134
6.207063
2.446039
3.112842
4.814810
4.884043
7.137719
2.245036
1.291049
4.834034
1.240726
2.895780
13.221604
0.423361
0.219624
3.370806
4.574439
17.777351
2.332834
6.916234
14.021077
2.187979
1.413445
1.255613
2.420219
0.940872
8.372528
6.507415
1.398082
1.628568
0.760691
2.900139
0.683116
18.318419
4.166377
0.573069
0.383658
0.318177
0.486878
7.206897
6.075724
1.481940
2.520263
0.756429
0.765669
7.754383
5.868158
0.745788
2.526329
2.885986
3.286471
0.371150
0.625368
9.492319
0.162545
0.093035
3.495737
6.318132
17.650762
0.388274
2.633706
5.333269
13.127984
3.824410
4.418410
8.143335
0.814283
0.912218
10.386841
0.098012
11.538016
3.503111
0.078131
1.858672
2.218329
9.048102
2.290190
4.138366
0.608104
4.682268
2.985912
0.017121
2.482010
1.453286
5.347478
1.966050
1.935391
4.992208
0.201796
0.521989
2.132502
1.888863
0.244561
2.795485
1.840116
1.890644
0.795639
10.391717
0.358018
0.660773
2.425174
2.723404
13.230203
0.701344
1.548056
2.318255
0.019572
4.458452
0.785629
0.987508
14.322310
7.933130
6.396496
7.125012
0.601215
0.588839
1.221206
1.099568
2.127828
0.342305
13.387558
0.127982
1.681263
1.254044
1.672726
6.453867
0.263829
12.562546
0.033687
6.600241
1.650598
2.837300
1.410207
0.117972
3.372004
5.236656
1.082863
1.461456
0.834438
4.082810
0.678919
5.638610
1.278421
8.705873
5.207168
2.154055
3.057406
1.013606
5.729936
4.716643
3.913072
12.377750
7.230171
0.815720
1.547224
1.938089
7.584587
6.179678
6.753385
4.111900
0.934245
2.273810
6.333273
1.917444
5.077423
4.262807
3.338567
1.490979
14.279666
4.539511
8.818553
1.353073
3.420162
5.062279
0.676123
3.245415
2.020615
1.799708
0.148063
10.421071
2.288260
3.113980
5.512021
9.379502
5.118033
7.266592
9.359621
2.490039
5.245362
2.927470
2.309528
4.067639
4.342185
1.242291
3.871854
2.354293
9.238094
9.549697
6.502930
0.780632
8.901141
2.389608
4.987240
11.058677
2.804034
6.110826
0.533522
1.065458
0.586093
0.090548
1.813726
8.691964
2.973726
3.051783
13.670739
4.169187
1.163867
3.674528
8.653915
11.599745
0.003053
1.428044
0.619146
2.579218
0.112975
0.488224
9.930711
0.812128
0.089305
1.146179
2.370938
5.809288
5.219289
5.983978
0.103618
2.136243
3.601239
14.143532
15.046882
13.003082
7.786147
1.354673
4.516862
0.434668
10.932088
1.687247
4.215778
9.399462
10.997734
10.714084
1.432920
2.677311
6.788854
1.826024
3.668167
4.271405
7.691453
4.551632
1.281575
0.118597
3.885113
10.295096
0.391573
5.363513
7.398875
2.006918
4.070394
5.693586
5.491841
1.784857
1.019590
0.414732
2.529366
4.428761
0.822191
6.247360
2.009654
6.121197
2.151239
1.843645
3.603748
0.205611
2.531391
5.807337
4.559223
3.217456
0.753589
14.343769
11.257680
0.921751
3.677074
12.770108
2.140925
7.173470
0.295461
2.182309
14.793511
10.698500
0.527413
6.826968
0.532164
0.485532
5.453540
1.483582
3.418953
4.421366
11.674840
4.542538
13.153344
5.754960
1.482761
2.949444
2.260362
0.114224
1.068481
1.850711
12.102451
8.761896
2.917614
12.801604
3.960021
5.320869
4.334916
17.798764
2.745554
17.973454
8.575281
7.112338
10.006912
26.133008
8.401930
0.962285
1.462274
1.136975
7.601309
0.037990
0.420705
9.296529
4.547083
0.400824
2.181365
11.434794
5.379599
1.239162
2.079483
3.292364
1.928205
1.333109
1.459821
0.279297
0.590899
2.276697
10.098072
22.284572
1.639571
7.734273
2.099880
4.284331
1.322760
4.672934
0.821472
5.448093
0.569648
8.726808
14.518842
5.852391
6.755742
4.711942
2.502107
1.411826
0.654507
13.833122
2.640948
0.018346
3.373202
6.000166
2.706594
0.719638
4.084191
0.971914
11.489175
0.561445
1.301333
1.543898
0.653811
10.921230
1.035333
0.656594
0.450675
0.418049
5.184734
6.088085
4.044285
6.653078
2.758255
4.205859
3.461465
1.973291
6.337608
2.705545
0.440665
2.038937
1.755287
3.416534
3.343330
3.049536
9.029494
0.633676
2.957157
6.215520
4.405134
2.205028
0.757849
1.381156
1.336298
3.007030
14.735030
5.023785
20.564757
2.090598
0.409429
38.122485
8.078419
0.564861
3.246583
2.407359
3.728278
12.027467
1.642961
21.286005
1.346676
0.515218
9.496396
0.426020
1.383570
2.419229
0.649638
4.449526
9.395464
9.145997
5.384972
2.298883
0.050924
0.662863
3.811311
0.470755
4.229982
2.110109
0.651029
5.834713
1.739703
4.589701
3.158557
4.654317
4.051142
20.716284
3.887769
17.841868
3.689826
2.716043
4.352379
4.194546
0.538278
3.879805
5.599173
1.005389
0.728104
0.838768
9.696090
3.143654
16.073668
5.283851
3.842807
1.659097
13.290809
3.257111
8.839967
3.830973
9.014657
12.646071
4.029231
1.048114
17.174211
10.693316
0.258684
3.684722
1.244639
5.824919
0.232397
3.310084
0.337732
4.378687
3.101479
0.646859
2.475997
15.406011
1.906707
0.211975
11.228761
12.623152
2.589454
3.661815
1.972385
5.524905
1.082105
1.139275
13.325775
5.657499
6.409677
0.296756
3.017065
2.510168
5.157262
11.987035
20.067895
5.193351
15.236060
5.560045
0.746497
2.956055
5.420943
2.249820
3.231416
6.662325
4.874324
3.099209
0.111102
14.408705
1.071505
3.547589
8.155796
2.146548
0.309078
2.530378
5.070687
2.349408
4.506328
6.648461
1.962433
0.651724
6.704146
3.640277
3.281762
10.309470
1.270544
1.985988
2.673142
3.926441
2.661695
29.831344
15.679303
1.861329
3.540148
3.527772
0.046609
7.488139
17.588649
12.994865
6.727533
0.070696
6.262289
5.678360
1.567228
3.606259
0.752170
9.284787
2.972620
2.614105
6.219754
5.776233
8.127802
11.605960
0.258041
3.190808
29.163687
8.237558
5.121432
10.034086
1.731928
0.832996
3.068669
5.703127
12.327208
2.695070
4.427281
0.537598
3.367214
2.992571
1.794462
6.566080
3.837544
0.436666
0.187199
15.651291
1.187807
0.313626
6.831753
1.117855
3.873178
2.768864
0.339691
6.593390
0.708372
7.201740
4.631144
8.301375
5.035470
2.013305
11.757487
1.390821
8.883070
0.704857
3.615056
3.342139
2.612046
4.738642
1.361882
0.214523
0.487551
8.385574
13.060982
0.737292
8.056966
7.114870
12.298555
1.229005
5.925733
4.332012
10.285535
18.637938
1.187033
0.055860
3.687273
1.926410
0.723164
8.215413
1.734518
1.801459
0.688017
1.944389
0.687316
1.590667
11.776755
2.487027
3.472455
7.420369
6.511903
2.102668
6.447213
11.630898
1.432107
2.269964
3.664355
2.769926
0.612932
15.595735
0.063891
0.917349
1.258753
4.366977
0.334467
2.039855
2.121293
6.335440
2.295983
9.868818
3.028238
11.109098
10.455537
6.277262
0.134876
8.922911
5.666970
17.692603
0.956369
9.691847
2.698210
6.669271
7.388162
0.706966
5.449908
0.856124
0.249692
8.737308
0.494959
2.228804
2.413291
8.678095
1.435359
4.146753
2.660655
14.758340
6.607101
2.812598
0.543039
10.926656
1.350673
2.125960
17.024946
3.314820
1.533104
3.237244
20.872547
6.720505
10.011430
0.226645
0.188467
0.286403
5.365297
8.629852
4.036068
2.877296
0.439998
1.678700
0.377729
4.765485
0.434003
9.100576
0.325990
5.840599
2.925278
1.577259
0.583348
8.551592
2.647163
1.796210
8.872260
20.204890
9.316160
9.343773
1.075288
7.064467
12.676793
6.972539
0.429344
3.368411
3.466346
3.720564
4.729202
14.092144
6.057239
8.285345
2.441063
1.210307
3.483470
1.245423
6.692494
1.564723
2.269003
3.172353
1.128553
1.337893
4.007414
2.505128
2.513194
7.864981
4.324758
4.887286
9.812024
8.259802
22.445013
2.798689
3.052907
20.912388
7.777464
0.462044
12.945845
2.912146
5.608534
2.815813
1.451654
4.075909
10.540243
4.102184
8.647028
8.106137
4.037436
3.339757
1.837471
0.906361
3.243079
1.326738
9.679140
1.559717
0.344921
0.696430
12.532515
8.250257
9.153607
7.109807
8.441404
7.377473
13.522580
7.361481
5.038813
2.817957
2.164397
0.020185
5.104459
2.299849
0.308429
2.134372
2.672100
3.409286
1.050373
0.621219
4.015584
5.891902
6.636938
0.396197
0.028773
2.042610
3.414117
2.457002
0.050307
0.386954
1.856017
1.173893
0.910021
6.467200
2.150300
1.496740
1.714696
0.869907
24.666269
0.354085
8.733806
0.227922
0.733049
3.488373
2.717094
4.983931
7.829790
20.274821
14.430539
1.728477
15.472946
4.167782
0.859747
1.763097
14.258479
3.438342
2.406372
3.230251
5.799543
2.549654
4.353837
4.805225
1.967859
2.726563
0.406780
8.066149
11.933630
4.390424
9.820720
11.913749
2.857798
1.052633
1.545561
1.254828
2.032517
14.805289
13.441130
1.953403
4.908421
3.520361
6.209176
2.868621
5.803439
3.454151
0.141779
2.379773
0.721048
5.358162
4.880801
5.404724
12.334397
3.140221
8.323905
20.239733
11.246093
0.357363
0.384976
0.877904
3.875828
3.717995
3.589962
3.403254
14.153873
0.001832
0.807104
5.541519
5.133347
1.200209
9.683372
1.911178
1.712116
0.053391
1.949795
2.780560
4.737067
1.045856
8.538106
1.193229
2.626476
1.840998
2.267081
2.313405
7.041950
3.208171
6.781740
0.853227
9.484176
13.486216
4.241375
6.769906
11.953590
6.611680
3.770920
3.987048
5.231440
0.233676
4.380152
3.586209
2.112903
1.581445
2.220231
13.717954
8.411770
1.958819
12.849224
9.327976
26.247956
9.953003
2.540514
0.720343
4.680711
2.553721
7.573470
3.573718
9.411477
0.194810
4.021038
11.081023
4.944392
4.563783
4.885664
8.298165
4.397774
0.572385
0.122349
9.111893
1.192454
2.223087
0.442665
3.307717
16.897897
0.735878
6.036781
1.872857
0.832275
2.629573
3.054031
0.175173
0.061418
17.347639
1.997807
0.309728
2.960467
9.851274
1.475376
32.229210
2.185144
0.511159
4.016947
6.772271
15.865304
15.707472
2.639913
15.392730
1.555549
8.524656
0.068221
3.622609
7.699987
6.865374
11.316024
5.471742
7.004645
6.514149
2.496069
14.770036
7.637734
5.299682
20.527582
1.726753
9.666466
0.632983
2.527341
3.349290
6.104614
15.197647
3.691103
3.163151
8.162038
2.974833
3.531482
0.861923
2.954952
4.735493
0.748624
4.524400
2.015132
0.020798
5.846492
4.482333
14.102379
6.970077
0.165699
1.552218
4.830825
0.641304
24.838700
0.918082
1.588989
8.193366
14.529990
6.725189
16.670187
3.375600
8.002221
9.997886
11.280936
2.287295
2.671059
2.940643
16.933869
1.347475
0.798503
0.382340
16.387250
5.195076
0.011000
11.240309
0.097390
9.512736
1.645506
0.724575
11.822004
6.729877
0.329249
13.862333
4.098026
5.597303
0.710482
12.164650
1.599905
3.004803
9.423520
1.036835
1.257968
3.804774
9.207206
3.029357
14.174620
0.525378
4.527419
2.820103
2.995904
2.994793
2.561866
0.977849
1.762229
11.154347
1.600745
3.479795
0.370493
0.351465
4.929646
0.820752
4.759156
10.787461
14.485545
3.890426
0.369178
17.289158
0.994205
2.472993
8.174546
5.208897
2.551687
5.708859
0.331205
0.452679
1.302125
1.894209
2.122226
7.305911
4.476352
6.767542
9.786028
3.568731
5.234917
0.783487
0.153095
1.594864
0.833717
3.550072
11.700125
7.939100
8.605904
1.153862
10.377104
12.630780
3.024883
6.784110
1.156938
0.380363
8.388841
18.714666
2.234527
5.712685
0.892477
3.808695
23.270412
0.663560
4.374292
1.878186
3.002577
6.906507
6.748674
3.092406
6.433933
4.634228
12.000476
0.424026
0.486205
6.253753
3.270008
2.357226
23.811480
3.688550
2.305654
2.215475
5.811239
5.979939
12.699959
11.568785
6.975001
0.707669
6.249490
2.395518
13.247444
1.308465
6.238850
0.709075
8.379047
8.779532
5.864212
0.199890
14.985381
5.655607
5.586096
8.988798
4.248509
23.143823
0.126104
0.733756
4.014222
5.143582
3.582458
1.088172
4.597350
6.307344
6.405280
15.879903
0.032458
5.018786
8.996173
5.571193
2.870788
7.711390
14.541163
7.783251
1.039089
2.322139
1.132380
3.300625
5.510183
7.975071
2.701352
10.840540
2.914333
7.428453
10.485270
0.066364
2.281511
0.615003
0.553938
5.737623
8.288547
2.863206
2.883812
2.409336
4.903536
2.203131
0.210702
7.918236
3.205852
5.150417
6.194405
0.464723
0.660076
2.037102
1.095006
0.248409
6.480569
5.215823
4.562262
4.265671
4.415457
6.094277
6.081900
2.600737
0.340345
7.620890
2.195549
5.160688
0.042298
2.797621
2.615134
7.165787
11.946928
5.756891
1.828664
5.526748
1.400505
2.784820
8.330361
0.427349
2.085964
8.865065
10.729717
2.539499
0.441332
2.427158
3.663085
2.355271
11.131671
0.390913
4.685383
3.981631
2.989240
0.827230
0.315576
11.222998
10.209704
0.997930
5.089234
12.723233
0.257398
2.741327
7.431150
13.077648
1.349074
1.418307
3.671983
6.427306
3.036074
1.368298
2.894691
10.570485
9.755868
0.885914
0.449339
19.772727
1.108703
14.311615
6.846134
3.450498
10.555341
6.169184
3.391212
2.936248
7.292770
2.100809
4.906792
3.041679
3.345713
4.059384
1.658247
10.611094
1.474556
14.852683
0.700641
1.220426
0.799219
0.657987
1.026331
3.741161
2.609988
3.597477
7.847354
1.648051
1.670168
4.288647
2.402422
1.622653
7.882669
10.480302
16.551738
0.772076
1.340287
6.026583
0.330553
0.187833
0.030001
2.852396
14.185026
0.809256
8.544845
1.867533
9.662248
0.358674
0.952675
4.677599
1.787475
2.028852
6.921105
0.197984
8.072280
0.037375
0.157503
4.850111
6.305189
5.582366
6.639240
0.672630
1.300541
1.216532
11.477039
0.034301
7.629305
3.510497
1.881743
5.252338
5.135051
1.526472
0.412080
1.104894
5.927730
4.960829
0.501703
9.708839
4.782932
4.967419
1.742297
6.925981
0.743663
1.422362
7.319086
9.161229
9.764467
1.517369
3.802162
6.774636
0.039221
0.992716
1.718138
2.219280
10.856574
4.467394
2.930760
3.659276
1.284731
1.256398
2.840531
2.511176
5.907794
0.709779
9.921822
0.259327
4.232828
2.931857
4.204443
2.988131
0.542359
9.096810
0.067602
3.134505
4.131388
10.052284
3.381599
0.238795
19.836831
1.770920
2.466990
3.535194
1.836590
0.617074
1.464728
2.172874
3.000352
5.240137
1.741432
6.020474
12.320029
2.286331
2.264200
1.250907
0.447336
8.912014
3.764435
1.790967
3.799551
5.145290
4.118851
2.713942
3.287649
0.646164
2.084111
6.561542
2.867537
5.067322
1.611687
0.797071
18.294666
3.625129
10.813930
1.073775
5.352818
3.213972
23.466516
1.596543
1.458187
15.499973
5.466275
4.638857
0.300644
6.955335
6.630037
13.094371
2.046285
5.913766
1.652297
3.800856
5.893885
7.674427
1.779626
10.872660
6.732223
0.601904
0.876449
2.899049
0.406118
6.952882
5.772358
6.083961
3.037194
1.706102
5.435405
7.132632
1.521505
7.592941
9.777392
2.645090
1.130849
2.421210
1.250123
0.182765
4.688500
5.226228
11.345453
12.248803
10.205003
0.703451
2.683572
0.208792
5.188179
8.134009
0.006108
3.434701
1.325942
8.199656
0.228561
1.029330
6.464975
1.782241
0.180233
2.635774
7.036960
2.343552
1.753553
2.518242
0.209429
5.943736
0.135503
10.677796
11.581146
9.537346
4.320411
3.218618
1.051126
0.910753
7.466352
4.252794
0.750042
5.933726
7.531999
7.248348
3.449282
8.836391
3.323118
4.732347
0.202432
0.805669
4.225717
1.085896
3.009258
0.240076
0.419377
6.829360
0.816438
1.897777
3.933139
5.411926
0.604658
2.227851
2.026105
4.586645
2.301784
0.867002
7.900421
0.963025
1.806712
2.781625
5.422749
2.655461
6.008279
4.795659
0.138012
0.420041
7.912290
2.341601
1.093487
14.888525
1.641266
10.878033
7.791944
2.052723
0.211339
9.304372
5.963817
3.707734
0.609483
6.144090
11.327775
7.232764
1.117091
3.361232
1.127788
1.023334
1.987804
3.602493
23.334929
0.955630
8.209104
1.076802
9.687608
2.289225
3.599985
11.092234
6.498450
0.231118
2.429142
4.821210
8.636715
5.296160
10.776912
9.335868
0.494285
1.855133
0.869181
14.333028
9.324034
14.507718
5.109545
3.646602
6.541176
22.667272
4.936194
2.154995
3.537671
2.611017
4.135573
0.076272
0.880087
5.830793
1.081347
0.836602
6.139920
7.969058
1.913863
2.890336
5.705037
16.721823
5.107849
3.156261
3.530245
0.575123
1.261109
6.575166
6.632336
18.818836
4.095256
4.268537
5.789817
0.818595
3.126513
1.207198
1.804961
1.982357
1.212641
5.261072
11.053106
2.386656
3.290006
1.246206
7.742882
3.386403
1.407780
10.367386
8.592270
0.036760
19.901767
2.534430
9.040650
1.560551
0.618455
2.179477
8.023439
1.194004
3.065288
3.789120
1.406162
7.455494
2.342576
1.412636
0.946032
0.874267
1.718999
2.622349
0.578549
3.187342
9.419502
0.740123
35.324406
5.280340
2.871872
9.033210
0.923954
5.539670
4.483829
23.081711
18.487926
12.220594
5.563758
1.359478
11.171421
2.749784
0.939398
6.245231
1.651447
3.295903
3.165450
11.712815
11.269294
1.558050
17.099021
5.751102
0.855399
34.656749
4.612683
1.201761
15.527147
7.224990
0.262542
8.561731
4.106346
17.820269
3.195432
1.089690
6.030660
0.891747
3.302988
7.287523
1.396467
0.983790
5.929728
5.680261
1.919236
6.680869
0.102372
1.427232
0.345575
0.990483
0.764246
5.832753
1.399697
2.368977
4.430241
1.123965
13.794437
1.188582
0.585406
17.250548
0.422033
14.376132
0.224090
9.108118
0.886643
0.728810
1.141575
0.414069
2.133437
2.265161
1.580608
1.847177
6.230354
13.550027
12.607932
1.818115
0.377071
4.159360
9.825073
15.778597
5.374231
0.365237
5.548921
9.180335
0.563495
2.375845
13.708475
7.227580
0.531485
0.218986
2.905593
2.359183
0.476124
17.269816
0.699939
0.912951
12.913430
1.390015
7.595729
11.940275
5.027121
0.433337
7.763026
9.157417
8.262988
0.196079
5.276831
2.059169
2.464991
2.617195
9.860039
2.191763
2.943941
0.612242
11.828502
7.789045
1.691526
8.521299
16.602159
1.727615
11.770324
2.094309
1.624342
11.160032
1.955207
6.449430
15.184908
3.196589
1.408589
12.881224
0.224729
10.942969
2.437086
0.081853
4.690060
5.988020
0.638529
7.906352
1.604951
6.928421
1.040592
3.182725
5.238396
1.401312
3.238410
0.174541
16.419718
6.843734
2.978154
5.329723
8.807881
0.460705
8.730305
26.365608
12.213567
4.859783
0.074413
0.062036
0.093656
4.022403
14.122913
9.529129
3.261797
0.142407
2.796553
2.212624
3.862593
0.140523
1.637876
5.819051
11.333660
8.418340
2.754018
2.310497
4.662066
8.140224
0.530127
14.365321
25.697951
4.771823
1.655696
6.568350
4.403661
1.833065
12.465600
2.237391
8.861472
8.959408
0.961545
1.140041
19.585205
11.550301
4.620367
3.100344
0.371808
0.915150
0.381681
12.185556
2.748726
0.648248
3.366017
2.559829
0.407442
9.500476
0.704154
3.127654
1.533933
3.736004
1.165408
4.835640
1.569734
5.437215
8.291751
3.324305
5.417335
1.525644
0.149320
18.438906
8.405208
1.272906
3.239577
0.438665
1.027830
4.919838
9.595246
1.602427
4.591230
3.649134
8.832819
2.862124
2.459997
0.866276
6.819799
15.172202
2.746611
0.112350
0.221537
5.101072
1.568898
4.749678
4.412505
4.645035
1.486046
5.169263
1.484403
3.937162
8.311019
7.657458
0.006719
3.954633
3.046167
5.801490
2.981477
8.165162
3.446848
6.543435
0.198619
9.508646
1.311638
12.129999
0.128609
2.041691
2.945041
0.901241
0.692923
5.543369
5.880016
2.869704
6.666954
6.403082
11.960261
7.643362
6.989801
2.811526
0.273491
5.457175
2.201235
14.226867
2.139988
6.226111
8.981434
3.203535
3.922426
1.530616
1.984172
1.889753
0.512512
5.271572
1.044352
6.352809
7.256159
5.212359
3.456588
0.681017
8.723312
11.292604
3.141365
9.846898
1.152324
7.460920
3.207011
5.899841
13.559210
17.426692
3.755372
15.313781
17.406811
3.254769
6.545695
0.464053
0.384317
0.590213
1.899562
5.164116
0.570332
10.401483
0.922485
4.224296
0.786344
1.299749
0.909289
5.634840
0.674725
2.374863
10.851224
3.894415
1.243857
5.085856
8.633282
4.626522
5.406524
16.739154
5.850424
5.878038
2.447034
3.598731
9.211057
3.506803
0.899049
19.646935
0.000610
0.254828
1.263466
10.626408
2.591503
4.819609
7.404239
2.810455
0.017734
2.907777
3.226758
3.854669
6.538918
14.031168
2.588429
3.170051
0.541678
7.760143
7.806466
4.399245
0.859022
1.421550
6.346288
4.794066
18.979278
9.734437
12.262967
17.446652
4.311728
0.971173
9.480109
10.724501
2.142798
9.873214
3.505572
0.610173
7.074507
0.636448
5.181292
4.640401
0.571700
18.342285
4.773408
2.014219
15.446064
3.137934
6.213404
3.838859
0.715410
1.505806
9.066780
4.784521
5.687871
3.644071
4.975668
3.911737
10.056844
3.895745
1.573077
9.890835
6.065446
0.040451
1.638724
6.685516
0.637142
5.935727
8.800779
22.390959
2.381739
1.330719
0.549848
2.426166
3.171202
0.826510
0.057712
5.554480
22.840700
7.490869
0.101126
0.806387
4.840459
2.710791
2.023359
3.001464
6.004221
3.642806
4.345095
1.923718
21.200533
0.735170
5.268070
0.466733
1.592345
0.022637
9.115671
1.518195
4.364054
16.809085
10.964803
4.391893
12.007210
0.702046
1.898669
4.510840
10.792744
26.020644
7.219814
15.159528
2.333807
8.020403
0.888101
1.339489
5.259324
9.184165
0.849608
4.600413
8.467894
0.924688
6.354984
8.448014
10.228555
2.387639
3.794333
2.934052
5.513859
11.339553
9.975394
5.203710
1.442685
0.054625
2.743440
10.323886
2.337703
30.331761
0.287696
7.082050
1.563888
1.892426
1.415065
1.938988
8.868661
13.495282
4.858169
16.773997
7.780357
0.742247
0.802085
1.943488
0.410092
0.252260
0.124226
21.880311
10.688137
0.003664
1.770050
2.075783
1.667611
2.782689
6.217636
5.043832
4.336369
0.107359
5.189902
9.591088
1.271331
2.369958
5.072370
2.763557
8.497864
4.786111
6.529897
6.751029
3.576214
14.700268
3.316004
1.882632
6.018440
10.020480
0.775639
3.304170
8.487854
3.145944
0.305184
0.521312
1.765704
0.478810
0.914417
0.120473
5.844527
3.907734
6.313814
10.252218
4.946034
5.224493
9.383488
5.862240
22.782220
6.487267
7.966054
1.562219
1.214975
8.044748
4.107734
0.107982
5.945741
0.397518
0.555302
7.615288
1.478657
1.098047
1.419928
4.832429
0.932038
1.218868
0.247767
5.646157
2.761435
6.326778
0.928361
17.193186
13.432162
1.599064
2.571045
4.901909
1.831304
8.517945
12.277172
0.356707
0.123600
13.881903
5.376019
0.639916
11.205746
6.385538
3.577462
28.763474
6.156622
1.080589
0.551211
3.306535
12.399568
12.241736
8.585468
11.926995
3.825722
5.058920
0.137385
0.156873
4.234252
3.399638
7.850288
2.006006
3.538909
3.048413
7.708537
11.304300
4.171998
1.833946
17.061847
4.386019
6.200730
1.357876
7.888580
18.740505
2.638878
11.731911
0.225367
13.872108
4.696302
11.357273
0.065746
1.904026
11.148668
1.269757
1.629413
1.058664
5.444464
0.041682
2.380756
1.016597
10.636643
3.504341
0.337079
3.815237
1.365089
1.377134
21.372964
2.043528
3.931798
4.727630
11.064254
3.259453
13.204451
20.034225
4.536485
6.532151
7.815200
6.625441
8.793687
11.003244
13.468133
3.197746
1.749221
0.796355
12.921514
1.729340
0.022024
7.774573
0.196714
6.047000
4.114679
1.572241
8.356268
3.264142
0.681717
10.396597
0.632290
2.131567
1.538913
8.698914
3.966764
11.687467
5.957784
2.346479
2.942842
0.339038
5.741470
11.973630
10.708884
1.112514
1.061683
9.908519
11.587338
11.574962
8.093799
2.194603
4.507832
7.688611
3.969463
0.014060
0.770652
0.729517
1.463910
1.803209
1.293420
7.321725
11.019810
0.424690
0.767804
13.823423
2.236436
7.579025
4.708810
1.743162
8.032561
2.243124
0.685916
0.950459
3.067542
4.980624
5.883975
3.840175
1.010616
3.301806
6.320292
0.102995
1.769181
1.712976
0.311027
3.950595
1.834827
0.084336
8.234389
4.473364
5.140168
2.656500
6.911368
9.165044
11.920368
3.318375
2.664814
0.792062
4.923105
15.248930
6.378975
2.246949
1.979635
0.342959
19.804676
1.428856
0.908557
4.921472
11.662246
3.440771
3.282939
12.785831
2.968197
1.168492
8.534740
0.887372
1.024832
2.788017
16.104155
6.967617
20.345744
0.222814
6.713488
6.292281
2.345503
2.514203

Min=0.000610
Max=45.053956
Mean=4.959805
"0" , 928
"1" , 747
"2" , 608
"3" , 494
"4" , 385
"5" , 337
"6" , 282
"7" , 206
"8" , 191
"9" , 161
"10" , 109
"11" , 107
"12" , 83
"13" , 58
"14" , 58
"15" , 45
"16" , 31
"17" , 32
"18" , 28
"19" , 18
"20" , 20
"21" , 15
"22" , 10
"23" , 11
"24" , 8
"25" , 2
"26" , 7
"27" , 2
"28" , 2
"29" , 4
"30" , 2
"31" , 0
"32" , 2
"33" , 1
"34" , 1
"35" , 1
"36" , 1
"37" , 0
"38" , 1
"39" , 0
"40" , 0
"41" , 1
"42" , 0
"43" , 0
"44" , 0
"45" , 1

